3 0.235309 0.113573 0.377988 0.056633
3 0.607072 0.099107 0.125498 0.150816
3 0.836902 0.234380 0.288347 0.103724
3 0.618526 0.258387 0.133466 0.141274
3 0.221365 0.211142 0.119024 0.123115
3 0.154382 0.353955 0.232072 0.089258
3 0.225100 0.466913 0.362550 0.057864
3 0.658367 0.445983 0.149402 0.128039
3 0.852092 0.483380 0.266932 0.053247
3 0.260707 0.560326 0.136952 0.130194
3 0.514940 0.601570 0.373506 0.089566
3 0.928785 0.592490 0.126494 0.107725
3 0.270418 0.869498 0.464143 0.142813
3 0.287351 0.690520 0.249004 0.058787
3 0.647659 0.914743 0.260458 0.061557
3 0.624004 0.804401 0.232072 0.078486
