3 0.375498 0.137889 0.140438 0.112034
3 0.595120 0.160819 0.257968 0.063096
3 0.620518 0.262696 0.173307 0.120960
3 0.854333 0.260234 0.271414 0.065559
3 0.318974 0.461065 0.239542 0.051708
3 0.106325 0.428747 0.144920 0.117575
3 0.580428 0.455986 0.260458 0.068637
3 0.851096 0.457371 0.273904 0.061557
3 0.264193 0.599415 0.302291 0.063096
3 0.590637 0.609418 0.332669 0.055402
3 0.338645 0.715297 0.157371 0.129271
3 0.679532 0.706371 0.147908 0.138504
3 0.861554 0.732379 0.248008 0.085257
3 0.207420 0.875808 0.143924 0.132656
3 0.466633 0.874731 0.143426 0.124962
3 0.681773 0.877962 0.157371 0.131425
3 0.916086 0.883503 0.134960 0.113573
