3 0.169572 0.265159 0.276394 0.165282
3 0.430528 0.321791 0.261454 0.067405
3 0.442978 0.183287 0.261454 0.116036
3 0.883964 0.204217 0.224104 0.103724
3 0.851096 0.100800 0.289841 0.054478
3 0.154880 0.464143 0.262948 0.052324
3 0.394173 0.460603 0.238546 0.062481
3 0.629233 0.460603 0.237550 0.062481
3 0.864542 0.460295 0.259960 0.063096
3 0.165090 0.608187 0.228586 0.067713
3 0.397659 0.614497 0.238546 0.058172
3 0.644422 0.603570 0.209163 0.076947
3 0.878735 0.606187 0.236554 0.069252
3 0.226843 0.742844 0.129980 0.090797
3 0.130976 0.915974 0.215139 0.062173
3 0.428785 0.764543 0.215139 0.051708
3 0.341135 0.911511 0.218127 0.075408
3 0.687500 0.763773 0.211653 0.054478
3 0.533616 0.904740 0.136952 0.084641
3 0.727590 0.899969 0.158367 0.104032
3 0.930030 0.898892 0.120020 0.090797
3 0.908616 0.778239 0.180777 0.104340
3 0.870518 0.324100 0.236056 0.066482
