3 0.905378 0.066790 0.140438 0.113881
3 0.838396 0.160973 0.237550 0.082487
3 0.120518 0.345183 0.223108 0.093259
3 0.340637 0.301170 0.273904 0.083410
3 0.584412 0.280240 0.220618 0.074792
3 0.833416 0.290551 0.293327 0.062173
3 0.148157 0.493998 0.255478 0.092336
3 0.371514 0.435826 0.232072 0.091105
3 0.607072 0.433056 0.248008 0.091105
3 0.801544 0.426747 0.145916 0.099415
3 0.323456 0.598800 0.144920 0.121576
3 0.663098 0.588489 0.151892 0.107110
3 0.321215 0.752539 0.163347 0.123115
3 0.606823 0.759311 0.155876 0.119421
3 0.851594 0.713450 0.258964 0.091105
3 0.430030 0.888427 0.276394 0.110496
3 0.810259 0.903970 0.298805 0.083102
