3 0.162849 0.168513 0.264940 0.069868
3 0.433267 0.168513 0.275896 0.069868
3 0.746763 0.145122 0.201693 0.120960
3 0.917580 0.156664 0.146912 0.100954
3 0.365289 0.354417 0.301295 0.063712
3 0.136703 0.344568 0.151892 0.088950
3 0.659114 0.333949 0.154880 0.097261
3 0.836653 0.351954 0.315737 0.058787
3 0.302789 0.544321 0.166335 0.089566
3 0.116783 0.534934 0.166833 0.107110
3 0.490538 0.543706 0.166335 0.089566
3 0.800299 0.543244 0.341633 0.115728
3 0.254731 0.698830 0.189741 0.142505
3 0.561255 0.700523 0.197211 0.132348
3 0.830179 0.734072 0.331673 0.098492
3 0.217131 0.893198 0.346614 0.092336
3 0.550548 0.888427 0.343127 0.096337
3 0.867530 0.903355 0.231076 0.077562
