3 0.098357 0.297322 0.153884 0.075716
3 0.431524 0.162050 0.145916 0.105571
3 0.621265 0.189135 0.237550 0.079101
3 0.841384 0.158818 0.245518 0.060326
3 0.155876 0.548169 0.257968 0.087412
3 0.409363 0.517544 0.209163 0.071099
3 0.628486 0.530933 0.254980 0.093567
3 0.857321 0.490766 0.218625 0.059403
3 0.472361 0.713450 0.131972 0.174823
3 0.147659 0.917513 0.254482 0.066482
3 0.403386 0.915666 0.234064 0.068329
3 0.640936 0.912127 0.182271 0.058787
3 0.856076 0.922899 0.239044 0.053863
3 0.886703 0.728224 0.195717 0.102185
3 0.658367 0.754386 0.226096 0.051093
