3 0.134462 0.342413 0.242032 0.079101
3 0.384711 0.357495 0.271414 0.050169
3 0.640438 0.343490 0.235060 0.088027
3 0.466882 0.232533 0.320219 0.083410
3 0.796564 0.206371 0.328187 0.072946
3 0.871265 0.336411 0.196713 0.106494
3 0.825448 0.479994 0.318227 0.095106
3 0.506225 0.481225 0.293327 0.095106
3 0.234064 0.470145 0.235060 0.110496
3 0.143177 0.655586 0.221614 0.078178
3 0.376743 0.657895 0.230578 0.085873
3 0.613795 0.666667 0.229582 0.072638
3 0.841384 0.672669 0.228586 0.070483
3 0.171315 0.904740 0.329681 0.084641
3 0.494273 0.907972 0.285359 0.076947
3 0.828934 0.897045 0.268426 0.090182
