3 0.141683 0.174207 0.261454 0.057248
3 0.463894 0.152508 0.371016 0.106187
3 0.810757 0.156971 0.308765 0.094183
3 0.380976 0.397815 0.241036 0.064943
3 0.607072 0.398430 0.241036 0.064943
3 0.842629 0.399969 0.241036 0.064943
3 0.132968 0.587412 0.241036 0.064943
3 0.367032 0.585257 0.241036 0.064943
3 0.604582 0.585257 0.241036 0.064943
3 0.839143 0.583410 0.241036 0.064943
3 0.127490 0.738843 0.241036 0.064943
3 0.120767 0.913974 0.240538 0.064943
3 0.357072 0.913974 0.241036 0.064943
3 0.598855 0.907356 0.239542 0.076947
3 0.847361 0.914281 0.233566 0.060018
3 0.895667 0.719144 0.134960 0.109264
3 0.523157 0.714528 0.154880 0.120960
